%
% Ionisation Balance File
%
%
 Ionisation balance by :James for Ass2
         225
 1  1   0.010000    
 1  2   0.990000
 2  1   0.990000    
 2  2   1.000000E-02
 2  3    0.00000    
 6  1   1.000000E-02
 6  2   0.990000    
 6  3    0.00000    
 6  4    0.00000    
 6  5    0.00000    
 6  6    0.00000    
 6  7    0.00000    
 7  1   0.200000    
 7  2   0.400000    
 7  3   0.400000    
 7  4    0.00000    
 7  5    0.00000    
 7  6    0.00000    
 7  7    0.00000    
 7  8    0.00000    
 8  1   0.200000    
 8  2   0.400000    
 8  3   0.400000    
 8  4    0.00000    
 8  5    0.00000    
 8  6    0.00000    
 8  7    0.00000    
 8  8    0.00000    
 8  9    0.00000    
10  1   0.990000    
10  2   1.000000E-02
10  3    0.00000    
10  4    0.00000    
10  5    0.00000    
10  6    0.00000    
10  7    0.00000    
10  8    0.00000    
10  9    0.00000    
10 10    0.00000    
10 11    0.00000    
11  1   1.000000E-02
11  2   0.990000    
11  3    0.00000    
11  4    0.00000    
11  5    0.00000    
11  6    0.00000    
11  7    0.00000    
11  8    0.00000    
11  9    0.00000    
11 10    0.00000    
11 11    0.00000    
11 12    0.00000    
12  1   1.000000E-02
12  2   0.990000    
12  3    0.00000    
12  4    0.00000    
12  5    0.00000    
12  6    0.00000    
12  7    0.00000    
12  8    0.00000    
12  9    0.00000    
12 10    0.00000    
12 11    0.00000    
12 12    0.00000    
12 13    0.00000    
13  1   1.000000E-02
13  2   0.990000    
13  3    0.00000    
13  4    0.00000    
13  5    0.00000    
13  6    0.00000    
13  7    0.00000    
13  8    0.00000    
13  9    0.00000    
13 10    0.00000    
13 11    0.00000    
13 12    0.00000    
13 13    0.00000    
13 14    0.00000    
14  1   1.000000E-02
14  2   0.990000    
14  3    0.00000    
14  4    0.00000    
14  5    0.00000    
14  6    0.00000    
14  7    0.00000    
14  8    0.00000    
14  9    0.00000    
14 10    0.00000    
14 11    0.00000    
14 12    0.00000    
14 13    0.00000    
14 14    0.00000    
14 15    0.00000    
16  1   1.000000E-02
16  2   0.990000    
16  3    0.00000    
16  4    0.00000    
16  5    0.00000    
16  6    0.00000    
16  7    0.00000    
16  8    0.00000    
16  9    0.00000    
16 10    0.00000    
16 11    0.00000    
16 12    0.00000    
16 13    0.00000    
16 14    0.00000    
16 15    0.00000    
16 16    0.00000    
16 17    0.00000    
17  1   1.000000E-02
17  2   0.990000    
17  3    0.00000    
17  4    0.00000    
17  5    0.00000    
17  6    0.00000    
17  7    0.00000    
17  8    0.00000    
17  9    0.00000    
17 10    0.00000    
17 11    0.00000    
17 12    0.00000    
17 13    0.00000    
17 14    0.00000    
17 15    0.00000    
17 16    0.00000    
17 17    0.00000    
17 18    0.00000    
18  1   0.990000    
18  2   1.000000E-02
18  3    0.00000    
18  4    0.00000    
18  5    0.00000    
18  6    0.00000    
18  7    0.00000    
18  8    0.00000    
18  9    0.00000    
18 10    0.00000    
18 11    0.00000    
18 12    0.00000    
18 13    0.00000    
18 14    0.00000    
18 15    0.00000    
18 16    0.00000    
18 17    0.00000    
18 18    0.00000    
18 19    0.00000    
20  1   1.000000E-02
20  2   0.990000    
20  3    0.00000    
20  4    0.00000    
20  5    0.00000    
20  6    0.00000    
20  7    0.00000    
20  8    0.00000    
20  9    0.00000    
20 10    0.00000    
20 11    0.00000    
20 12    0.00000    
20 13    0.00000    
20 14    0.00000    
20 15    0.00000    
20 16    0.00000    
20 17    0.00000    
20 18    0.00000    
20 19    0.00000    
20 20    0.00000    
20 21    0.00000    
26  1   1.000000E-02
26  2   0.990000    
26  3    0.00000    
26  4    0.00000    
26  5    0.00000    
26  6    0.00000    
26  7    0.00000    
26  8    0.00000    
26  9    0.00000    
26 10    0.00000    
26 11    0.00000    
26 12    0.00000    
26 13    0.00000    
26 14    0.00000    
26 15    0.00000    
26 16    0.00000    
26 17    0.00000    
26 18    0.00000    
26 19    0.00000    
26 20    0.00000    
26 21    0.00000    
26 22    0.00000    
26 23    0.00000    
26 24    0.00000    
26 25    0.00000    
26 26    0.00000    
26 27    0.00000    
28  1   1.000000E-02
28  2   0.990000    
28  3    0.00000    
28  4    0.00000    
28  5    0.00000    
28  6    0.00000    
28  7    0.00000    
28  8    0.00000    
28  9    0.00000    
28 10    0.00000    
28 11    0.00000    
28 12    0.00000    
28 13    0.00000    
28 14    0.00000    
28 15    0.00000    
28 16    0.00000    
28 17    0.00000    
28 18    0.00000    
28 19    0.00000    
28 20    0.00000    
28 21    0.00000    
28 22    0.00000    
28 23    0.00000    
28 24    0.00000    
28 25    0.00000    
28 26    0.00000    
28 27    0.00000    
28 28    0.00000    
28 29    0.00000    
